batch_size = 32
epochs = 20000
mape_minmax_scaler = 0.017967752060554412
mape_minmax_log_inv = 0.00037929221998014476
mape_raw = 0.0036937284751992158
