batch_size = 32
epochs = 20000
mape_minmax_scaler = 0.003545241593413536
mape_minmax_log_inv = 0.00011193288917800656
mape_raw = 0.0010923989162308428
