batch_size = 32
epochs = 20000
mape_minmax_scaler = 0.13690609646138274
mape_minmax_log_inv = 0.002339259136379877
mape_raw = 0.023102391090305357
