batch_size = 32
epochs = 20000
mape_minmax_scaler = 0.013382333212654246
mape_minmax_log_inv = 0.00019478852796746892
mape_raw = 0.0018830029133235044
